U: 19.05
u: 19
cx: 18
cy: 17
$default_stagger: 0
$default_spread: 19
$default_splay: 0
$default_height: 18
$default_width: 18
$default_padding: 19
$default_autobind: 10
kx: 16
ky: 16
px: 17
py: 17
ksx: 1
ksy: 1
lpx: 18
stagger1: 13.600000000000001
stagger2: 6.800000000000001
stagger3: -8.5
stagger4: -3.4000000000000004
xiao_length: 21
xiao_width: 17.78
